O 14.978202
 -250000
 -249511
 -249022
 -248534
 -248045
 -247556
 -247067
 -246579
 -246090
 -245601
 -245112
 -244624
 -244135
 -243646
 -243157
 -242669
 -242180
 -241691
 -241202
 -240714
 -240225
 -239736
 -239247
 -238759
 -238270
 -237781
 -237292
 -236804
 -236315
 -235826
 -235337
 -234848
 -234360
 -233871
 -233382
 -232893
 -232405
 -231916
 -231427
 -230938
 -230450
 -229961
 -229472
 -228983
 -228495
 -228006
 -227517
 -227028
 -226540
 -226051
 -225562
 -225073
 -224585
 -224096
 -223607
 -223118
 -222630
 -222141
 -221652
 -221163
 -220674
 -220186
 -219697
 -219208
 -218719
 -218231
 -217742
 -217253
 -216764
 -216276
 -215787
 -215298
 -214809
 -214321
 -213832
 -213343
 -212854
 -212366
 -211877
 -211388
 -210899
 -210411
 -209922
 -209433
 -208944
 -208456
 -207967
 -207478
 -206989
 -206500
 -206012
 -205523
 -205034
 -204545
 -204057
 -203568
 -203079
 -202590
 -202102
 -201613
 -201124
 -200635
 -200147
 -199658
 -199169
 -198680
 -198192
 -197703
 -197214
 -196725
 -196237
 -195748
 -195259
 -194770
 -194282
 -193793
 -193304
 -192815
 -192326
 -191838
 -191349
 -190860
 -190371
 -189883
 -189394
 -188905
 -188416
 -187928
 -187439
 -186950
 -186461
 -185973
 -185484
 -184995
 -184506
 -184018
 -183529
 -183040
 -182551
 -182063
 -181574
 -181085
 -180596
 -180108
 -179619
 -179130
 -178641
 -178152
 -177664
 -177175
 -176686
 -176197
 -175709
 -175220
 -174731
 -174242
 -173754
 -173265
 -172776
 -172287
 -171799
 -171310
 -170821
 -170332
 -169844
 -169355
 -168866
 -168377
 -167889
 -167400
 -166911
 -166422
 -165934
 -165445
 -164956
 -164467
 -163978
 -163490
 -163001
 -162512
 -162023
 -161535
 -161046
 -160557
 -160068
 -159580
 -159091
 -158602
 -158113
 -157625
 -157136
 -156647
 -156158
 -155670
 -155181
 -154692
 -154203
 -153715
 -153226
 -152737
 -152248
 -151760
 -151271
 -150782
 -150293
 -149804
 -149316
 -148827
 -148338
 -147849
 -147361
 -146872
 -146383
 -145894
 -145406
 -144917
 -144428
 -143939
 -143451
 -142962
 -142473
 -141984
 -141496
 -141007
 -140518
 -140029
 -139541
 -139052
 -138563
 -138074
 -137586
 -137097
 -136608
 -136119
 -135630
 -135142
 -134653
 -134164
 -133675
 -133187
 -132698
 -132209
 -131720
 -131232
 -130743
 -130254
 -129765
 -129277
 -128788
 -128299
 -127810
 -127322
 -126833
 -126344
 -125855
 -125367
 -124878
 -124389
 -123900
 -123412
 -122923
 -122434
 -121945
 -121457
 -120968
 -120479
 -119990
 -119501
 -119013
 -118524
 -118035
 -117546
 -117058
 -116569
 -116080
 -115591
 -115103
 -114614
 -114125
 -113636
 -113148
 -112659
 -112170
 -111681
 -111193
 -110704
 -110215
 -109726
 -109238
 -108749
 -108260
 -107771
 -107283
 -106794
 -106305
 -105816
 -105327
 -104839
 -104350
 -103861
 -103372
 -102884
 -102395
 -101906
 -101417
 -100929
 -100440
  -99951
  -99462
  -98974
  -98485
  -97996
  -97507
  -97019
  -96530
  -96041
  -95552
  -95064
  -94575
  -94086
  -93597
  -93109
  -92620
  -92131
  -91642
  -91153
  -90665
  -90176
  -89687
  -89198
  -88710
  -88221
  -87732
  -87243
  -86755
  -86266
  -85777
  -85288
  -84800
  -84311
  -83822
  -83333
  -82845
  -82356
  -81867
  -81378
  -80890
  -80401
  -79912
  -79423
  -78935
  -78446
  -77957
  -77468
  -76979
  -76491
  -76002
  -75513
  -75024
  -74536
  -74047
  -73558
  -73069
  -72581
  -72092
  -71603
  -71114
  -70626
  -70137
  -69648
  -69159
  -68671
  -68182
  -67693
  -67204
  -66716
  -66227
  -65738
  -65249
  -64761
  -64272
  -63783
  -63294
  -62805
  -62317
  -61828
  -61339
  -60850
  -60362
  -59873
  -59384
  -58895
  -58407
  -57918
  -57429
  -56940
  -56452
  -55963
  -55474
  -54985
  -54497
  -54008
  -53519
  -53030
  -52542
  -52053
  -51564
  -51075
  -50587
  -50098
  -49609
  -49120
  -48631
  -48143
  -47654
  -47165
  -46676
  -46188
  -45699
  -45210
  -44721
  -44233
  -43744
  -43255
  -42766
  -42278
  -41789
  -41300
  -40811
  -40323
  -39834
  -39345
  -38856
  -38368
  -37879
  -37390
  -36901
  -36413
  -35924
  -35435
  -34946
  -34457
  -33969
  -33480
  -32991
  -32502
  -32014
  -31525
  -31036
  -30547
  -30059
  -29570
  -29081
  -28592
  -28104
  -27615
  -27126
  -26637
  -26149
  -25660
  -25171
  -24682
  -24194
  -23705
  -23216
  -22727
  -22239
  -21750
  -21261
  -20772
  -20283
  -19795
  -19306
  -18817
  -18328
  -17840
  -17351
  -16862
  -16373
  -15885
  -15396
  -14907
  -14418
  -13930
  -13441
  -12952
  -12463
  -11975
  -11486
  -10997
  -10508
  -10020
   -9531
   -9042
   -8553
   -8065
   -7576
   -7087
   -6598
   -6109
   -5621
   -5132
   -4643
   -4154
   -3666
   -3177
   -2688
   -2199
   -1711
   -1222
    -733
    -244
     244
     733
    1222
    1711
    2199
    2688
    3177
    3666
    4154
    4643
    5132
    5621
    6109
    6598
    7087
    7576
    8065
    8553
    9042
    9531
   10020
   10508
   10997
   11486
   11975
   12463
   12952
   13441
   13930
   14418
   14907
   15396
   15885
   16373
   16862
   17351
   17840
   18328
   18817
   19306
   19795
   20283
   20772
   21261
   21750
   22239
   22727
   23216
   23705
   24194
   24682
   25171
   25660
   26149
   26637
   27126
   27615
   28104
   28592
   29081
   29570
   30059
   30547
   31036
   31525
   32014
   32502
   32991
   33480
   33969
   34457
   34946
   35435
   35924
   36413
   36901
   37390
   37879
   38368
   38856
   39345
   39834
   40323
   40811
   41300
   41789
   42278
   42766
   43255
   43744
   44233
   44721
   45210
   45699
   46188
   46676
   47165
   47654
   48143
   48631
   49120
   49609
   50098
   50587
   51075
   51564
   52053
   52542
   53030
   53519
   54008
   54497
   54985
   55474
   55963
   56452
   56940
   57429
   57918
   58407
   58895
   59384
   59873
   60362
   60850
   61339
   61828
   62317
   62805
   63294
   63783
   64272
   64761
   65249
   65738
   66227
   66716
   67204
   67693
   68182
   68671
   69159
   69648
   70137
   70626
   71114
   71603
   72092
   72581
   73069
   73558
   74047
   74536
   75024
   75513
   76002
   76491
   76979
   77468
   77957
   78446
   78935
   79423
   79912
   80401
   80890
   81378
   81867
   82356
   82845
   83333
   83822
   84311
   84800
   85288
   85777
   86266
   86755
   87243
   87732
   88221
   88710
   89198
   89687
   90176
   90665
   91153
   91642
   92131
   92620
   93109
   93597
   94086
   94575
   95064
   95552
   96041
   96530
   97019
   97507
   97996
   98485
   98974
   99462
   99951
  100440
  100929
  101417
  101906
  102395
  102884
  103372
  103861
  104350
  104839
  105327
  105816
  106305
  106794
  107283
  107771
  108260
  108749
  109238
  109726
  110215
  110704
  111193
  111681
  112170
  112659
  113148
  113636
  114125
  114614
  115103
  115591
  116080
  116569
  117058
  117546
  118035
  118524
  119013
  119501
  119990
  120479
  120968
  121457
  121945
  122434
  122923
  123412
  123900
  124389
  124878
  125367
  125855
  126344
  126833
  127322
  127810
  128299
  128788
  129277
  129765
  130254
  130743
  131232
  131720
  132209
  132698
  133187
  133675
  134164
  134653
  135142
  135630
  136119
  136608
  137097
  137586
  138074
  138563
  139052
  139541
  140029
  140518
  141007
  141496
  141984
  142473
  142962
  143451
  143939
  144428
  144917
  145406
  145894
  146383
  146872
  147361
  147849
  148338
  148827
  149316
  149804
  150293
  150782
  151271
  151760
  152248
  152737
  153226
  153715
  154203
  154692
  155181
  155670
  156158
  156647
  157136
  157625
  158113
  158602
  159091
  159580
  160068
  160557
  161046
  161535
  162023
  162512
  163001
  163490
  163978
  164467
  164956
  165445
  165934
  166422
  166911
  167400
  167889
  168377
  168866
  169355
  169844
  170332
  170821
  171310
  171799
  172287
  172776
  173265
  173754
  174242
  174731
  175220
  175709
  176197
  176686
  177175
  177664
  178152
  178641
  179130
  179619
  180108
  180596
  181085
  181574
  182063
  182551
  183040
  183529
  184018
  184506
  184995
  185484
  185973
  186461
  186950
  187439
  187928
  188416
  188905
  189394
  189883
  190371
  190860
  191349
  191838
  192326
  192815
  193304
  193793
  194282
  194770
  195259
  195748
  196237
  196725
  197214
  197703
  198192
  198680
  199169
  199658
  200147
  200635
  201124
  201613
  202102
  202590
  203079
  203568
  204057
  204545
  205034
  205523
  206012
  206500
  206989
  207478
  207967
  208456
  208944
  209433
  209922
  210411
  210899
  211388
  211877
  212366
  212854
  213343
  213832
  214321
  214809
  215298
  215787
  216276
  216764
  217253
  217742
  218231
  218719
  219208
  219697
  220186
  220674
  221163
  221652
  222141
  222630
  223118
  223607
  224096
  224585
  225073
  225562
  226051
  226540
  227028
  227517
  228006
  228495
  228983
  229472
  229961
  230450
  230938
  231427
  231916
  232405
  232893
  233382
  233871
  234360
  234848
  235337
  235826
  236315
  236804
  237292
  237781
  238270
  238759
  239247
  239736
  240225
  240714
  241202
  241691
  242180
  242669
  243157
  243646
  244135
  244624
  245112
  245601
  246090
  246579
  247067
  247556
  248045
  248534
  249022
  249511
  250000
