O 14.858700
 -208333
 -207518
 -206703
 -205887
 -205072
 -204256
 -203441
 -202626
 -201810
 -200995
 -200179
 -199364
 -198549
 -197733
 -196918
 -196102
 -195287
 -194472
 -193656
 -192841
 -192025
 -191210
 -190395
 -189579
 -188764
 -187948
 -187133
 -186318
 -185502
 -184687
 -183872
 -183056
 -182241
 -181425
 -180610
 -179795
 -178979
 -178164
 -177348
 -176533
 -175718
 -174902
 -174087
 -173271
 -172456
 -171641
 -170825
 -170010
 -169194
 -168379
 -167564
 -166748
 -165933
 -165117
 -164302
 -163487
 -162671
 -161856
 -161040
 -160225
 -159410
 -158594
 -157779
 -156963
 -156148
 -155333
 -154517
 -153702
 -152887
 -152071
 -151256
 -150440
 -149625
 -148810
 -147994
 -147179
 -146363
 -145548
 -144733
 -143917
 -143102
 -142286
 -141471
 -140656
 -139840
 -139025
 -138209
 -137394
 -136579
 -135763
 -134948
 -134132
 -133317
 -132502
 -131686
 -130871
 -130055
 -129240
 -128425
 -127609
 -126794
 -125978
 -125163
 -124348
 -123532
 -122717
 -121902
 -121086
 -120271
 -119455
 -118640
 -117825
 -117009
 -116194
 -115378
 -114563
 -113748
 -112932
 -112117
 -111301
 -110486
 -109671
 -108855
 -108040
 -107224
 -106409
 -105594
 -104778
 -103963
 -103147
 -102332
 -101517
 -100701
  -99886
  -99070
  -98255
  -97440
  -96624
  -95809
  -94993
  -94178
  -93363
  -92547
  -91732
  -90917
  -90101
  -89286
  -88470
  -87655
  -86840
  -86024
  -85209
  -84393
  -83578
  -82763
  -81947
  -81132
  -80316
  -79501
  -78686
  -77870
  -77055
  -76239
  -75424
  -74609
  -73793
  -72978
  -72162
  -71347
  -70532
  -69716
  -68901
  -68085
  -67270
  -66455
  -65639
  -64824
  -64008
  -63193
  -62378
  -61562
  -60747
  -59932
  -59116
  -58301
  -57485
  -56670
  -55855
  -55039
  -54224
  -53408
  -52593
  -51778
  -50962
  -50147
  -49331
  -48516
  -47701
  -46885
  -46070
  -45254
  -44439
  -43624
  -42808
  -41993
  -41177
  -40362
  -39547
  -38731
  -37916
  -37100
  -36285
  -35470
  -34654
  -33839
  -33023
  -32208
  -31393
  -30577
  -29762
  -28947
  -28131
  -27316
  -26500
  -25685
  -24870
  -24054
  -23239
  -22423
  -21608
  -20793
  -19977
  -19162
  -18346
  -17531
  -16716
  -15900
  -15085
  -14269
  -13454
  -12639
  -11823
  -11008
  -10192
   -9377
   -8562
   -7746
   -6931
   -6115
   -5300
   -4485
   -3669
   -2854
   -2038
   -1223
    -408
     408
    1223
    2038
    2854
    3669
    4485
    5300
    6115
    6931
    7746
    8562
    9377
   10192
   11008
   11823
   12639
   13454
   14269
   15085
   15900
   16716
   17531
   18346
   19162
   19977
   20793
   21608
   22423
   23239
   24054
   24870
   25685
   26500
   27316
   28131
   28947
   29762
   30577
   31393
   32208
   33023
   33839
   34654
   35470
   36285
   37100
   37916
   38731
   39547
   40362
   41177
   41993
   42808
   43624
   44439
   45254
   46070
   46885
   47701
   48516
   49331
   50147
   50962
   51778
   52593
   53408
   54224
   55039
   55855
   56670
   57485
   58301
   59116
   59932
   60747
   61562
   62378
   63193
   64008
   64824
   65639
   66455
   67270
   68085
   68901
   69716
   70532
   71347
   72162
   72978
   73793
   74609
   75424
   76239
   77055
   77870
   78686
   79501
   80316
   81132
   81947
   82763
   83578
   84393
   85209
   86024
   86840
   87655
   88470
   89286
   90101
   90917
   91732
   92547
   93363
   94178
   94993
   95809
   96624
   97440
   98255
   99070
   99886
  100701
  101517
  102332
  103147
  103963
  104778
  105594
  106409
  107224
  108040
  108855
  109671
  110486
  111301
  112117
  112932
  113748
  114563
  115378
  116194
  117009
  117825
  118640
  119455
  120271
  121086
  121902
  122717
  123532
  124348
  125163
  125978
  126794
  127609
  128425
  129240
  130055
  130871
  131686
  132502
  133317
  134132
  134948
  135763
  136579
  137394
  138209
  139025
  139840
  140656
  141471
  142286
  143102
  143917
  144733
  145548
  146363
  147179
  147994
  148810
  149625
  150440
  151256
  152071
  152887
  153702
  154517
  155333
  156148
  156963
  157779
  158594
  159410
  160225
  161040
  161856
  162671
  163487
  164302
  165117
  165933
  166748
  167564
  168379
  169194
  170010
  170825
  171641
  172456
  173271
  174087
  174902
  175718
  176533
  177348
  178164
  178979
  179795
  180610
  181425
  182241
  183056
  183872
  184687
  185502
  186318
  187133
  187948
  188764
  189579
  190395
  191210
  192025
  192841
  193656
  194472
  195287
  196102
  196918
  197733
  198549
  199364
  200179
  200995
  201810
  202626
  203441
  204256
  205072
  205887
  206703
  207518
  208333
